[gd_scene load_steps=6 format=3 uid="uid://dqs6dsg0ph3d"]

[ext_resource type="Script" uid="uid://cnr18duawcafv" path="res://car/bike.gd" id="1_72ido"]
[ext_resource type="ArrayMesh" uid="uid://wy54h3reeml3" path="res://car/bikeframe.obj" id="2_ecenp"]
[ext_resource type="ArrayMesh" uid="uid://buk5qdy70xjwm" path="res://car/wheel.obj" id="3_jpe8o"]

[sub_resource type="SphereShape3D" id="SphereShape3D_a7727"]
radius = 1.2

[sub_resource type="BoxShape3D" id="BoxShape3D_a7727"]
size = Vector3(1, 4.2, 8.666)

[node name="Bike" type="CharacterBody3D"]
script = ExtResource("1_72ido")

[node name="Camera1" type="Camera3D" parent="."]
transform = Transform3D(1, 0, 0, 0, 0.9848078, 0.1736482, 0, -0.1736482, 0.9848078, 0, 5.486, 14.427)
current = true

[node name="Camera2" type="Camera3D" parent="."]
transform = Transform3D(0.5541908, 0, -0.83238965, 0, 1, 0, 0.83238965, 0, 0.5541908, -13.411793, 3.6758423, 5.7761383)

[node name="Mesh" type="MeshInstance3D" parent="."]
mesh = ExtResource("2_ecenp")
skeleton = NodePath("")

[node name="FrontWheelSpring" type="SpringArm3D" parent="Mesh"]
transform = Transform3D(1, 0, 0, 0, -0.4306214, -0.9025327, 0, 0.9025327, -0.4306214, 0, 1.558368, -2.8942413)
shape = SubResource("SphereShape3D_a7727")
spring_length = 3.0

[node name="Mesh" type="MeshInstance3D" parent="Mesh/FrontWheelSpring"]
transform = Transform3D(-1, 0, 8.742278e-08, 0, 1, 0, -8.742278e-08, 0, -1, 0, 0, 0)
mesh = ExtResource("3_jpe8o")
skeleton = NodePath("")

[node name="BackWheelSpring" type="SpringArm3D" parent="Mesh"]
transform = Transform3D(1, 0, 0, 0, 0.06921673, -0.9976016, 0, 0.9976016, 0.06921673, 0, 1.7246858, 3.2851808)
shape = SubResource("SphereShape3D_a7727")
spring_length = 3.0

[node name="Mesh" type="MeshInstance3D" parent="Mesh/BackWheelSpring"]
transform = Transform3D(-1, 0, 1.509958e-07, 0, 1, 0, -1.509958e-07, 0, -1, 0, 0, 0)
mesh = ExtResource("3_jpe8o")
skeleton = NodePath("")

[node name="CollisionShape3D" type="CollisionShape3D" parent="."]
transform = Transform3D(1, 0, 0, 0, 1, 0, 0, 0, 1, 0, 2.1, 0)
shape = SubResource("BoxShape3D_a7727")
